fold1------------------------
MAP
	 train	 validation	 test
	0.2484104227720146	0.24333507271060212	0.22358365537538044
NDCG
	 train	 validation	 test
1	0.4190273135533592	0.5769400947308951	0.1963728567123276
2	0.4154113837724147	0.6023685805916589	0.29651284441530074
3	0.43627413455170977	0.5466180829914359	0.290968636365285
4	0.4317222607146103	0.5622947295583569	0.3036570320585563
5	0.4482044496974396	0.5611228698724289	0.30897765814825306
6	0.4449644996128564	0.5464725188213613	0.2996196847672258
7	0.4425832936889822	0.5438396139236872	0.3002959655388888
8	0.44429706887250775	0.5424640801017047	0.3070847811171507
9	0.4564036156752115	0.5427592374283007	0.3213070484557253
10	0.4592344184069123	0.5332621899063715	0.33600606847089615

MAP
	 train	 validation	 test
	0.27072978944077847	0.2662836782287698	0.23152175221219817
NDCG
	 train	 validation	 test
1	0.5405564002138987	0.6097783536730168	0.29512503944053914
2	0.5127269838428146	0.5623651838296146	0.25191929372312355
3	0.48551702418805825	0.5572928750973778	0.24370013586819847
4	0.48057764544020976	0.5845804940293208	0.27523821519695457
5	0.4769496889418752	0.5876511558573397	0.28305253027678384
6	0.47230607979103684	0.5785809025068107	0.2909029864704265
7	0.47367040937462285	0.5804719970181491	0.2811153047894051
8	0.47727531211982827	0.5872886863772803	0.2921078518213606
9	0.4851322054129412	0.5759358676023655	0.3055511841025339
10	0.48528561811673016	0.5854062849769975	0.32561361835101493
fold2------------------------
MAP
	 train	 validation	 test
	0.24211100107412542	0.22358365537538044	0.2622945413860934
NDCG
	 train	 validation	 test
1	0.43735132282154626	0.1963728567123276	0.4510375357356781
2	0.4066043779090828	0.29651284441530074	0.49953442185653074
3	0.4040869776207615	0.290968636365285	0.4954408719970325
4	0.3955122860688072	0.3036570320585563	0.48506241622587976
5	0.4069770501540749	0.30897765814825306	0.5031853271984722
6	0.3879234535137181	0.2996196847672258	0.5122724007141278
7	0.396004607684478	0.3002959655388888	0.5027238909997399
8	0.40519595879509523	0.3070847811171507	0.49887334852590437
9	0.4102255271498359	0.3213070484557253	0.5165617641923446
10	0.42002239036970496	0.33600606847089615	0.5187099490575667

MAP
	 train	 validation	 test
	0.26301141525388516	0.23009061373671708	0.28431101957168997
NDCG
	 train	 validation	 test
1	0.5016112700889594	0.29512503944053914	0.6291305795311213
2	0.4621679616057182	0.26752188857222836	0.5705008149084979
3	0.4282460424654993	0.24572152838825084	0.544019867344894
4	0.4201137805610458	0.2754260204137459	0.5320321692496396
5	0.41120646859944876	0.2844335820796553	0.520845880843974
6	0.4212147440011499	0.30384001490821205	0.5118997402185789
7	0.43716925751128644	0.30780236718838544	0.5057472396763416
8	0.43095656508653357	0.29578178576118624	0.5250765988694371
9	0.4266554549821538	0.3107661123049352	0.5356718702645773
10	0.42573946642406774	0.31615604432661387	0.5284490935380044
fold3-------------------------
MAP
	 train	 validation	 test
	0.2419347168880263	0.2622945413860934	0.2241213221429827
NDCG
	 train	 validation	 test
1	0.41947380647285376	0.4510375357356781	0.38068574599294824
2	0.46158066184016827	0.49953442185653074	0.35679229218580977
3	0.4385973225583166	0.4954408719970325	0.35959814405714147
4	0.43294544199095747	0.48506241622587976	0.3467952823127926
5	0.43719604023062725	0.5031853271984722	0.37242114501970014
6	0.43306264444255116	0.5122724007141278	0.3468350738289522
7	0.44578077853131864	0.5027238909997399	0.3558788836641919
8	0.4546001367097393	0.49887334852590437	0.37074697695942416
9	0.4568906640337618	0.5165617641923446	0.37743138865804293
10	0.4557084690302539	0.5187099490575667	0.3977250241739818

MAP
	 train	 validation	 test
	0.2571000002389728	0.28292267461935194	0.24259946000861782
NDCG
	 train	 validation	 test
1	0.47470756786280033	0.6291305795311213	0.443068213119833
2	0.4681425113371049	0.5975691260131791	0.3962057239820428
3	0.44434590332019847	0.5483228694050306	0.3817499002939061
4	0.4506363403980336	0.5351855808811419	0.3686052955241791
5	0.46204189580551613	0.5180747397027138	0.35181497628924074
6	0.45513988747409245	0.5123007411563555	0.3509169575050682
7	0.454692005250431	0.5103479254633585	0.37143578818731426
8	0.45950160669351964	0.5173461906051986	0.37802323421790945
9	0.4570470752544554	0.5194047780589044	0.37925026718368793
10	0.4602260300606214	0.5286267133645307	0.3851399239119137

fold4---------------------------
MAP
	 train	 validation	 test
	0.24307541741232985	0.2241213221429827	0.25881540478696763
NDCG
	 train	 validation	 test
1	0.47099911333527966	0.38068574599294824	0.32373369669652013
2	0.4940130531232632	0.35679229218580977	0.40419345067213897
3	0.4596500235196665	0.35959814405714147	0.4006754988121699
4	0.47279515358377816	0.3467952823127926	0.37792442368514195
5	0.4722514827166018	0.37242114501970014	0.3929500224567461
6	0.4631860773573063	0.3468350738289522	0.3864738678611107
7	0.46253240735423495	0.3558788836641919	0.4120594263774483
8	0.46314138213487177	0.37074697695942416	0.4273432841022706
9	0.4674469424380135	0.37743138865804293	0.4313492676916638
10	0.4655650808954029	0.3977250241739818	0.4293154013170959

MAP
	 train	 validation	 test
	0.2569084195000903	0.2419904178709818	0.27571608246150764
NDCG
	 train	 validation	 test
1	0.5043800283874962	0.4534438944880412	0.37125299279177976
2	0.4585812921096048	0.39857651668093863	0.3903674885188039
3	0.46397223130663473	0.3835959849007808	0.3913801619860931
4	0.4774996406757571	0.35823038544692615	0.41328935461267335
5	0.491983420207201	0.34414947405848983	0.4228737609715343
6	0.49413995160551355	0.35184351104265654	0.40787486546229407
7	0.48986570639589533	0.35817090695191084	0.4001736631244974
8	0.49062621888807256	0.3778491407831209	0.41724794500728357
9	0.48870260953501504	0.36850502850059363	0.4171862501327907
10	0.49325916835802014	0.3795544877256554	0.4187045862706488

fold5-----------------------------
MAP
	 train	 validation	 test
	0.23666650630148559	0.25881540478696763	0.24333507271060212
NDCG
	 train	 validation	 test
1	0.3024257211158628	0.32373369669652013	0.5769400947308951
2	0.3448129157705956	0.40419345067213897	0.6023685805916589
3	0.3501348059991971	0.4006754988121699	0.5466180829914359
4	0.350041776114263	0.37792442368514195	0.5622947295583569
5	0.35724336706466236	0.3929500224567461	0.5611228698724289
6	0.34844313209424854	0.3864738678611107	0.5464725188213613
7	0.3466948821052947	0.4120594263774483	0.5438396139236872
8	0.3485545555547453	0.4273432841022706	0.5424640801017047
9	0.35926935233626145	0.4313492676916638	0.5427592374283007
10	0.3703300817859741	0.4293154013170959	0.5332621899063715

MAP
	 train	 validation	 test
	0.2548380944774756	0.27974194218499393	0.2654697518933514
NDCG
	 train	 validation	 test
1	0.4096587979068722	0.5715769116216697	0.6145482148338554
2	0.38098544754863767	0.4838365573941055	0.5662124279003586
3	0.36508825781314747	0.42296775977018697	0.5585586084933654
4	0.3751176103951889	0.42006859370554167	0.574798302528409
5	0.36989871996460794	0.4302888043644187	0.5809458220378229
6	0.36831871515135106	0.4212714643623096	0.5779695736016905
7	0.361850369952477	0.4285034230114319	0.5779867042131928
8	0.3697553243898249	0.4467446474416664	0.5839086539299849
9	0.37985754262602145	0.4471788638199332	0.5861862243127947
10	0.38662702678643635	0.4447942567352574	0.5772511762390357

learning process over
