-train ..\data\OHSUMED\OHSUMED\QueryLevelNorm\Fold2\train.txt -test ..\data\OHSUMED\OHSUMED\QueryLevelNorm\Fold2\test.txt -validate  ..\data\OHSUMED\OHSUMED\QueryLevelNorm\Fold2\vali.txt -nThread 17 -norm zscore -learningRate 0.00000001
https://github.com/JasonWyse/libfm_ranksvm.git
fold2---------------------------------------
0.2662323818776231	0.23652621233695345	0.2834796084979156
NDCG
	 train	 validation	 test
0	NaN	NaN	NaN
1	0.4885261154212175	0.33279103730395115	0.785875812998491
2	0.4583613978550643	0.3655976961669229	0.7092375335254395
3	0.4585172125770449	0.4023239960954496	0.6395618950692323
4	0.4681616067044745	0.42470934007429656	0.6190733264722059
5	0.4556259322439477	0.41173628323121547	0.5946916548736567
6	0.4763726462776445	0.4052801430690512	0.6008544862007076
7	0.4818047403710482	0.4073218622459985	0.5937029290138434
8	0.4694118402360222	0.4131788364687217	0.5970890507508237
9	0.4725855694936073	0.41882995877817975	0.5802485529019975

0.1585551217862313	0.11030031797340793	0.15310114121596674
NDCG
	 train	 validation	 test
0	NaN	NaN	NaN
1	0.3700210601014937	0.05043621987987872	0.3238449272891997
2	0.33573833143289183	0.0684296408165068	0.30953791229656036
3	0.32590638128278887	0.0610481567362166	0.3301516342657184
4	0.32581130415043497	0.06912339272736251	0.32964922865625657
5	0.3334623837115458	0.07184246733554056	0.3146747077690493
6	0.3284056319413582	0.06693289356159235	0.30366787959582703
7	0.3277795972720062	0.096044998272632	0.29282520725850814
8	0.32179079145636175	0.10072542525198157	0.3008028137738016
9	0.3252991353788148	0.10997530463128231	0.3146057137413231


fold1-------------------------------------------
0.256114193287794	0.22810100644173786	0.22556827145351224
NDCG
	 train	 validation	 test
0	NaN	NaN	NaN
1	0.528308353070744	0.5406608922825936	0.2383149988070787
2	0.4570685827935059	0.4778100197006492	0.2940604954768244
3	0.4469389782830341	0.45494213372474523	0.2686599572652743
4	0.4417834932793713	0.4497265231556349	0.2634050198547466
5	0.4314824503653283	0.4649836268144541	0.2729536030447126
6	0.4333715140131634	0.463768192888146	0.27009647935441194
7	0.44139449406720116	0.46272818727952	0.27323460613276024
8	0.450350237262023	0.4655168526027806	0.29057004252227103
9	0.45258718105753176	0.47039430944040544	0.292769757006266


	 train	 validation	 test
	0.26552563957730413	0.2485596179350126	0.2231999850712759
NDCG
	 train	 validation	 test
0	NaN	NaN	NaN
1	0.5584294271729336	0.5916268240553217	0.28897724938288855
2	0.4852600942476338	0.5166739208164263	0.28660324841179485
3	0.5050143316192887	0.4851606326375733	0.3302484243621358
4	0.506245619631019	0.4993178001424225	0.33786594778922957
5	0.4951008623392792	0.47600054189704627	0.31625012484696763
6	0.486286703598522	0.4843604674473678	0.3235826940468432
7	0.4903552245189951	0.49010090628369407	0.32529950013606235
8	0.49306809006087443	0.48507270702592786	0.33621154751022114
9	0.4910333870685603	0.4895609543782162	0.33151097724148976

MAP
	 train	 validation	 test
	0.27387572223609197	0.2574873301543599	0.2140124185253943
NDCG
	 train	 validation	 test
0	NaN	NaN	NaN
1	0.6524287218765795	0.6549559853112852	0.3135856252154003
2	0.5626406943156743	0.6216044604440718	0.3113634564237546
3	0.5310602156896441	0.5614133697248883	0.3245238318326026
4	0.5394050980116867	0.5628905961590386	0.34376870663497
5	0.5290838158744324	0.5749492582274616	0.3575263833871224
6	0.5208244808962924	0.5669341727326028	0.3335022974655739
7	0.5163848613482521	0.5728720453552165	0.36099675373653944
8	0.5112484211673158	0.579801163333184	0.35954593464968865
9	0.5139974900536903	0.5770812750381056	0.37130181336630985

MAP
	 train	 validation	 test
	0.27076377035273946	0.25537828746853364	0.22457110575072656
NDCG
	 train	 validation	 test
0	NaN	NaN	NaN
1	0.6396507070176046	0.6597258464721237	0.2862139762503056
2	0.5106687802193663	0.6308493191590069	0.33354628372851525
3	0.51480086092763	0.5820870847802994	0.36769744012864236
4	0.524835932999827	0.5705354548947946	0.40224392899169836
5	0.5192035682974387	0.5584789560062945	0.376496035118168
6	0.5195479551071115	0.5569224664405602	0.37771977804370666
7	0.5204153433908622	0.5607448760216722	0.37041496674429025
8	0.5155671044623671	0.5392644255928746	0.3591650863317942
9	0.5095679892146217	0.51941614802521	0.36285700620835504

MAP
	 train	 validation	 test
	0.2720505401667643	0.252445641252731	0.20989480185738985
NDCG
	 train	 validation	 test
1	0.6167471954473117	0.5709763438902462	0.3334499300238708
2	0.577233689551458	0.5305220111753939	0.3241910882306987
3	0.5679017051958132	0.5278611108094357	0.3302504787787179
4	0.5622847734805094	0.5704042638878758	0.3528184558080387
5	0.5412058979992553	0.5710140270503937	0.3579161866590054
6	0.538335753227987	0.5627569285033033	0.3332616204235882
7	0.5285772177938786	0.5591999539735119	0.32874847442387933
8	0.5255535534382398	0.5416901286936573	0.3276276801590688
9	0.5143333338513666	0.5377963889119053	0.360610659089839
10	0.5127208310007672	0.5240852533059657	0.3629493990344344
fold 2--------------------------
MAP
	 train	 validation	 test
	0.2701052054570162	0.2532698877800004	0.21063721135288596
NDCG
	 train	 validation	 test
1	0.5349313699921917	0.7118778283952247	0.2391946406205712
2	0.5542115271913757	0.591534063741342	0.3137463487404332
3	0.5441892514672577	0.5778779991198167	0.3322051931288575
4	0.5336194863062904	0.5738079921065755	0.32053035450236667
5	0.5231769740723499	0.5777340400606588	0.33507538504515477
6	0.516758941078856	0.5396056227005506	0.3516480999858333
7	0.5201166068214598	0.5474845528786585	0.34740677538172693
8	0.5055565179094977	0.5399671495897209	0.34334167232635027
9	0.5072664308443706	0.5347984864019777	0.3464250736752318
10	0.5054787751194614	0.5360755938688131	0.3480098112228894

fold3-------------------------
MAP
	 train	 validation	 test
	0.25665398178063864	0.2809604671712637	0.24857213814081006
NDCG
	 train	 validation	 test
1	0.6011626475676072	0.6243801036138497	0.4888883388473794
2	0.5200441304418641	0.5606243454082767	0.46104171022006185
3	0.49580054341591995	0.5453311962681899	0.48903849692426865
4	0.47972562046553585	0.5572688150795962	0.5004454615026406
5	0.4839248785372155	0.5430048094740647	0.4871332880667666
6	0.48661580120703146	0.5538067145123426	0.4839485404244441
7	0.49304475321860686	0.5445908349857274	0.4775293237831909
8	0.48627044803190195	0.5378621832208665	0.45896645819052057
9	0.4868605164116157	0.5352694229815695	0.4466716635690639
10	0.48436881230828727	0.5427990799605458	0.4588435409689976
MAP
	 train	 validation	 test
	0.25830398488288026	0.2844711211342611	0.24378238475650799
NDCG
	 train	 validation	 test
1	0.5841344613627101	0.7719002798027566	0.3826114022337029
2	0.5413472260043791	0.6759496068774458	0.45539654768266224
3	0.5003977465472501	0.6156969910961931	0.45133299458237497
4	0.4944528124230966	0.614536522328853	0.42631637935753486
5	0.4959345933320598	0.5937156385441477	0.4231522478447219
6	0.48889746305440307	0.5821709382035516	0.42160129416143793
7	0.49474605784189385	0.5829680964773928	0.44313097216801517
8	0.48970055443093	0.5928177199729109	0.4382788314187398
9	0.4861725955998982	0.5880126755955077	0.42976583966060744
10	0.4881839249198317	0.5735000951167208	0.4131591823323651
fold 4------------------------
1	0.6095576333704344	0.45107518621472814	0.40687148890971325
2	0.5575130995156652	0.37296004519565124	0.39333728331848905
3	0.5416189814387523	0.3642454730909094	0.4181986959484328
4	0.5300671392804005	0.3929004281181082	0.40776708303559517
5	0.5223574596537471	0.40396424180740426	0.4111332297397678
6	0.5205219101950296	0.4086421308665702	0.42233031720315733
7	0.5093212414109872	0.43280361606302276	0.43212713180201656
8	0.5105633101802399	0.4246683867704124	0.42521397230250746
9	0.5062318254843137	0.4180656759000758	0.4217647028279255
10	0.5113635805701902	0.4223016444458539	0.4385682606661665

MAP
	 train	 validation	 test
	0.2523031092947825	0.24413529892065516	0.26988394246214087
NDCG
	 train	 validation	 test
1	0.5080765001189531	0.3163787316024485	0.3740868439560711
2	0.4575311464261581	0.40278785903081304	0.3627303777955073
3	0.46299065405790835	0.40766810478226967	0.38561132049396984
4	0.4722482063065197	0.37095471450218953	0.3864788314692679
5	0.4742307215569983	0.3829292072394083	0.3850450424748847
6	0.4848082245025764	0.3947746180644542	0.3848140870152668
7	0.47949523988094034	0.39272465907399895	0.37818768383573775
8	0.47536748743927676	0.4068060562245633	0.3925926062785776
9	0.47221040821422455	0.40891140263810594	0.4001237518249236
10	0.47913015272493054	0.3997384491644092	0.413528905569153
fold 5------------------------
MAP
	 train	 validation	 test
	0.24388388687715185	0.28761144107964176	0.24574945835199055
NDCG
	 train	 validation	 test
1	0.36831053841752087	0.4966305483855298	0.5912699196828637
2	0.3873983346848151	0.503058832705241	0.5618747593346692
3	0.4038922349780685	0.44566183761215766	0.5612609295276628
4	0.4111152867348869	0.44728238975403734	0.5426557894189106
5	0.41027460653341713	0.432277758878713	0.5362224858901024
6	0.40514649332029046	0.4522146024065805	0.5408734967053244
7	0.4083956591674942	0.4570449142918931	0.5210863172742137
8	0.40090189565398554	0.4691441873775302	0.5112336258748695
9	0.3912816008663747	0.47859046921826914	0.5076893406231024
10	0.4054202439576704	0.48173395916251216	0.5133238346761251

MAP
	 train	 validation	 test
	0.258315755777804	0.2838579343995658	0.2543118253958
NDCG
	 train	 validation	 test
1	0.4688213803682731	0.5724399954738051	0.6327778188662015
2	0.446629059705663	0.4698218745990733	0.5851940013461705
3	0.4111396663607295	0.4437753847714574	0.6198509316925598
4	0.43769318947962343	0.4189589231867047	0.5950698961004925
5	0.42664121408335204	0.4365006248801563	0.5777881582955934
6	0.4235157764279714	0.4498564973010343	0.5734309663406626
7	0.4156520135196718	0.4591821298805287	0.5744029447212304
8	0.4152395100184921	0.4764966469195847	0.553317035473494
9	0.41906128869413634	0.46782980581397104	0.5516341088640799
10	0.4154584429806575	0.47701980597601273	0.5567157013525174

MAP
	 train	 validation	 test
	0.2590382291207607	0.27919371694699674	0.24542302576663647
NDCG
	 train	 validation	 test
1	0.39085317484750615	0.5355317279430877	0.6637566921696362
2	0.41398561599243716	0.4549453676609862	0.649638217310739
3	0.42614442738243413	0.4175417890117372	0.6357893031021242
4	0.44749894418184544	0.41113479690960136	0.5866118214726227
5	0.4377350045221847	0.41711534451073795	0.5430224777299136
6	0.4155206998466607	0.41958304985391515	0.5233641082245125
7	0.41341572460382425	0.42865876323063756	0.517786188072425
8	0.4101196139252744	0.42343110161393627	0.5260553962220273
9	0.41259506366971094	0.43496543048717273	0.5310319983648736
10	0.4132914179126677	0.4380620997595589	0.5292731547491794