fold1------------------------
MAP
	 train	 validation	 test
	0.2484104227720146	0.24333507271060212	0.22358365537538044
NDCG
	 train	 validation	 test
1	0.4190273135533592	0.5769400947308951	0.1963728567123276
2	0.4154113837724147	0.6023685805916589	0.29651284441530074
3	0.43627413455170977	0.5466180829914359	0.290968636365285
4	0.4317222607146103	0.5622947295583569	0.3036570320585563
5	0.4482044496974396	0.5611228698724289	0.30897765814825306
6	0.4449644996128564	0.5464725188213613	0.2996196847672258
7	0.4425832936889822	0.5438396139236872	0.3002959655388888
8	0.44429706887250775	0.5424640801017047	0.3070847811171507
9	0.4564036156752115	0.5427592374283007	0.3213070484557253
10	0.4592344184069123	0.5332621899063715	0.33600606847089615
fold2------------------------
MAP
	 train	 validation	 test
	0.24211100107412542	0.22358365537538044	0.2622945413860934
NDCG
	 train	 validation	 test
1	0.43735132282154626	0.1963728567123276	0.4510375357356781
2	0.4066043779090828	0.29651284441530074	0.49953442185653074
3	0.4040869776207615	0.290968636365285	0.4954408719970325
4	0.3955122860688072	0.3036570320585563	0.48506241622587976
5	0.4069770501540749	0.30897765814825306	0.5031853271984722
6	0.3879234535137181	0.2996196847672258	0.5122724007141278
7	0.396004607684478	0.3002959655388888	0.5027238909997399
8	0.40519595879509523	0.3070847811171507	0.49887334852590437
9	0.4102255271498359	0.3213070484557253	0.5165617641923446
10	0.42002239036970496	0.33600606847089615	0.5187099490575667
fold3-------------------------
MAP
	 train	 validation	 test
	0.2419347168880263	0.2622945413860934	0.2241213221429827
NDCG
	 train	 validation	 test
1	0.41947380647285376	0.4510375357356781	0.38068574599294824
2	0.46158066184016827	0.49953442185653074	0.35679229218580977
3	0.4385973225583166	0.4954408719970325	0.35959814405714147
4	0.43294544199095747	0.48506241622587976	0.3467952823127926
5	0.43719604023062725	0.5031853271984722	0.37242114501970014
6	0.43306264444255116	0.5122724007141278	0.3468350738289522
7	0.44578077853131864	0.5027238909997399	0.3558788836641919
8	0.4546001367097393	0.49887334852590437	0.37074697695942416
9	0.4568906640337618	0.5165617641923446	0.37743138865804293
10	0.4557084690302539	0.5187099490575667	0.3977250241739818
fold4---------------------------
MAP
	 train	 validation	 test
	0.24307541741232985	0.2241213221429827	0.25881540478696763
NDCG
	 train	 validation	 test
1	0.47099911333527966	0.38068574599294824	0.32373369669652013
2	0.4940130531232632	0.35679229218580977	0.40419345067213897
3	0.4596500235196665	0.35959814405714147	0.4006754988121699
4	0.47279515358377816	0.3467952823127926	0.37792442368514195
5	0.4722514827166018	0.37242114501970014	0.3929500224567461
6	0.4631860773573063	0.3468350738289522	0.3864738678611107
7	0.46253240735423495	0.3558788836641919	0.4120594263774483
8	0.46314138213487177	0.37074697695942416	0.4273432841022706
9	0.4674469424380135	0.37743138865804293	0.4313492676916638
10	0.4655650808954029	0.3977250241739818	0.4293154013170959
fold5-----------------------------
MAP
	 train	 validation	 test
	0.23666650630148559	0.25881540478696763	0.24333507271060212
NDCG
	 train	 validation	 test
1	0.3024257211158628	0.32373369669652013	0.5769400947308951
2	0.3448129157705956	0.40419345067213897	0.6023685805916589
3	0.3501348059991971	0.4006754988121699	0.5466180829914359
4	0.350041776114263	0.37792442368514195	0.5622947295583569
5	0.35724336706466236	0.3929500224567461	0.5611228698724289
6	0.34844313209424854	0.3864738678611107	0.5464725188213613
7	0.3466948821052947	0.4120594263774483	0.5438396139236872
8	0.3485545555547453	0.4273432841022706	0.5424640801017047
9	0.35926935233626145	0.4313492676916638	0.5427592374283007
10	0.3703300817859741	0.4293154013170959	0.5332621899063715
